<user> 0.78704 0.72151 0.29148 -0.056527 0.31683 0.47172 0.023461 0.69568 0.20782 0.60985 -0.22386 0.7481 -2.6208 0.20117 -0.48104 0.12897 0.035239 -0.24486 -0.36088 0.026686 0.28978 -0.10698 -0.34621 0.021053 0.54514 -1.0958 -0.274 0.2233 1.0827 -0.029018 -0.84029 0.58619 -0.36511 0.34016 0.89615 0.32757 0.24267 0.68404 -0.34374 0.13583 -2.2162 -0.42537 0.46157 0.88626 -0.22014 0.025599 -0.38615 0.080107 -0.075323 -0.61461
. 0.68661 -1.0772 0.011114 -0.24075 -0.3422 0.64456 0.54957 0.30411 -0.54682 1.4695 0.43648 -0.34223 -2.7189 0.46021 0.016881 0.13953 0.020913 0.050963 -0.48108 -1.0764 -0.16807 -0.014315 -0.55055 0.67823 0.24359 -1.3179 -0.036348 -0.228 1.0337 -0.53221 -0.52934 0.35537 -0.44911 0.79506 0.56947 0.071642 -0.27455 -0.056911 -0.42961 -0.64412 -1.3495 0.23258 0.25383 -0.10226 0.65824 0.16015 0.20959 -0.067516 -0.51952 -0.34922
: 0.98483 0.19784 0.28403 0.35406 0.2438 0.42519 -0.050784 0.48965 0.18231 0.45225 0.60871 0.1023 -2.246 0.47362 -0.20073 -0.21838 -0.58847 0.23933 0.47089 -0.96444 -0.06588 -0.26914 -0.58221 -0.26283 0.67984 -0.87678 -0.091667 0.18128 1.0218 0.23728 -1.0547 0.19766 -0.86072 0.6021 0.69374 0.32242 -0.074545 0.38367 0.28661 -0.41465 -2.882 -0.30393 0.047981 1.0937 0.4184 -0.68958 -0.45923 0.23368 -0.30628 -0.093607
rt 0.68243 0.73589 0.017529 -0.13763 0.36029 0.51704 0.1954 0.75219 0.43029 1.0728 0.05725 0.60043 -2.4946 0.032148 -0.44991 0.0097306 -0.013653 -0.51001 0.25079 -0.34493 0.33606 -0.0096185 -0.51301 0.1276 0.85964 -0.78568 -0.1914 -0.0033234 0.89442 0.39503 -0.95075 0.93803 -0.31701 0.56457 1.0153 0.86391 -0.19971 0.47159 -0.26864 0.12548 -2.749 -0.55106 0.040409 0.29164 -0.28792 -0.02274 -0.40295 0.14771 0.080503 -0.68115
, 0.13744 -1.0151 -0.50491 0.26983 -0.75571 1.1014 0.077018 -0.15144 0.061658 0.49442 0.39051 -0.002745 -3.3434 0.47171 0.23165 -0.33471 -0.062522 -0.28092 0.29475 -1.2449 0.2668 0.13186 -1.2566 -0.0092159 -0.19067 -1.4977 0.13392 -0.34184 0.84297 -0.5945 -0.065978 0.49565 -0.36244 0.31205 0.28213 0.36662 -0.51615 0.13236 -0.32004 -0.032967 -2.0934 0.60543 -0.33726 0.19313 -0.042527 -0.19012 -0.23469 0.21259 -0.19424 -0.93832
<repeat> 0.80074 -0.83871 0.1916 -0.42322 -0.11962 0.57089 0.55983 0.72052 -0.31354 1.3204 0.21836 -0.008805 -2.202 0.30352 -0.051803 0.15024 -0.20526 -0.07776 -0.95611 -0.81703 -0.23719 -0.23106 -0.085729 1.0029 0.44866 -1.3084 -0.049492 -0.12331 1.2559 -0.27869 -0.69725 0.42455 -0.37889 0.96756 0.60128 0.036324 -0.31392 -0.14909 -0.4326 -0.41571 -1.4854 -0.083002 0.24177 0.043614 0.58303 0.099758 0.30535 -0.19752 -0.39449 -0.036257
<hashtag> 1.0018 -0.76141 0.11812 -1.3743 -0.41678 0.48956 0.31381 -0.1128 0.22117 0.49938 0.19593 -0.50893 -2.936 -0.27936 -0.28153 -0.60281 -0.76669 0.48388 -0.023446 1.7972 -0.099935 0.039355 -0.15011 -0.1004 1.1855 -0.76981 -0.55853 1.2171 0.38839 -0.33492 -1.3545 -1.389 -0.89909 0.86091 2.0044 0.14457 0.78305 0.0034074 -0.61011 -0.057416 -2.2086 -0.64906 -0.044567 0.17027 1.0102 0.40608 0.73295 -0.39454 -0.58679 -0.42343
<number> 0.026779 0.080507 0.054467 -0.6626 -0.11954 0.34985 -0.38114 0.12158 -0.39642 0.60266 0.27899 0.17476 -2.8826 1.3414 -0.17407 -0.50795 0.18492 -0.33203 -0.41458 0.69911 -0.17043 -0.56891 0.76923 -1.4049 0.094385 -1.1381 -0.17332 -0.81274 1.0529 0.99228 -0.34053 -0.59351 -0.072553 1.0573 1.7372 -0.037377 -0.56181 -0.18938 -0.12424 -0.43356 -3.0616 0.6587 -0.75637 0.15585 0.66404 -1.4051 -0.30053 -1.3671 -0.4988 0.29598
<url> 0.55283 -0.57581 -0.76596 -1.1371 0.22059 -0.19504 -0.14078 0.13109 0.049547 0.57865 -0.036608 0.22698 -2.9552 0.58726 -0.31671 -0.56407 -0.22824 0.64944 0.36191 0.24336 -0.63819 -1.1048 0.4201 -0.48942 0.55016 -0.81377 -0.42667 1.2894 1.5579 -0.025226 -1.2203 -0.88938 -0.94208 0.62938 1.4709 0.088174 0.88836 -0.58983 -0.80846 -0.93734 -1.9521 -0.12149 0.018784 0.92985 0.50244 0.15481 0.32515 -0.5597 -1.4389 -0.10366
! 0.90566 -0.71792 -0.19574 -0.80743 -0.024903 0.31071 0.89485 0.63035 -0.33863 0.70584 0.12707 0.37673 -2.781 0.25292 0.053043 0.30618 -0.42217 -0.008515 -1.1452 -0.51643 -0.23699 -0.31577 0.24883 1.0689 0.55007 -1.2806 -0.024169 -0.31108 1.3964 -0.90377 -0.91328 0.34808 -0.75944 0.99209 0.95123 0.10886 -0.18141 -0.46055 -0.82691 0.14846 -1.3769 -0.29166 0.10895 0.61422 0.18414 0.15971 0.071934 0.001123 0.028188 0.30385
i -0.043148 0.50393 0.27095 -0.1198 -0.58991 -0.32774 0.15549 -0.5465 0.4169 1.5267 -0.48707 -0.095806 -5.9675 0.12915 -0.48301 -0.14715 0.12052 -0.19595 -0.86387 -0.17507 0.4924 0.38274 0.2987 0.13115 -0.13744 -0.20918 0.10783 -0.10709 0.41345 0.11004 -0.44554 0.2905 -0.14988 0.29897 -0.050136 0.46923 0.15687 -0.04682 -0.11082 0.87676 -1.6183 0.59109 0.097853 0.32855 -0.2794 0.074711 1.0258 -0.22383 -0.66025 -0.70649
a -0.201 0.14106 0.28319 0.77383 -0.0068151 0.065519 -0.38463 -0.16638 -0.16882 -0.63199 -0.33843 -0.50949 -4.9211 -0.36689 0.36845 0.41609 -0.1556 -0.13483 -0.13639 0.45338 0.33346 -0.18676 0.23635 -0.46834 -0.42496 -1.9489 0.10193 -0.13587 0.039331 0.92994 0.15333 -0.045753 0.73281 -0.29174 0.057937 1.5234 -0.13793 -0.12571 -1.3213 0.5466 -2.5675 -0.18451 0.14173 -0.0030547 0.91469 0.34391 0.18338 0.96793 0.20464 -1.0736
" 0.5856 -0.36964 0.06348 0.81675 0.18025 0.15737 0.45683 0.71 0.025926 1.6525 0.52263 -0.0007222 -2.5456 0.11184 -0.19134 -0.11123 -0.21264 0.20026 0.23195 -0.69862 0.13072 0.28915 -0.80159 -0.17984 1.0338 -1.1168 -0.21519 -0.074714 0.79285 -0.12378 -0.57451 0.49138 -1.3087 0.63627 0.32656 0.51437 -0.29868 -0.041172 -0.035277 -0.77926 -2.2104 -0.28909 -0.086257 0.23637 0.27831 0.020915 -0.21461 0.56656 -0.36404 -0.25202
the 0.2532 -0.014884 0.59371 0.15902 0.12754 0.22428 0.89421 0.36396 -0.31339 -0.51857 0.29637 -0.041098 -6.4555 0.3226 0.3728 -0.6169 0.46744 0.506 0.03195 0.10155 -0.19615 0.13364 -0.2714 -0.41728 0.007794 0.13573 -0.072992 0.25208 0.51148 0.1512 0.084398 -0.24791 -0.15913 0.15005 0.77243 0.36632 -0.09831 -0.064317 -0.00071983 -0.15231 -1.4604 -0.31696 -0.41762 0.073363 0.32043 0.34324 0.010895 -0.28932 0.45493 0.18659
? 0.57307 -0.16829 -0.80199 -0.051245 -0.158 0.099787 0.28116 0.92256 0.84182 1.136 0.058041 -0.51742 -3.3198 0.29798 0.046842 0.0040291 0.32421 -0.45093 -0.41339 -0.36649 0.41543 -0.015795 -0.34994 0.44334 0.15064 -1.546 -0.015471 -0.48766 0.9799 -0.2311 -0.0019065 0.67824 0.41379 -0.6556 0.49859 -0.46473 -0.30085 -0.30609 -0.68049 -0.35976 -1.7645 0.16786 -0.72036 0.38434 -0.035095 -0.14946 -0.38932 0.17908 -0.57414 -1.0432
you 0.051028 0.48649 -0.18347 0.33075 -0.47007 -0.069412 1.131 0.31791 -0.12472 0.82891 -0.35092 0.051084 -6.4007 -0.80443 -0.85157 0.23292 -0.08702 -0.42304 -0.26702 -0.003675 0.46597 0.13554 0.10425 0.9524 -0.048529 0.24545 0.38401 0.0022835 1.191 -0.30374 -0.44441 0.082608 0.23851 0.33268 0.1327 0.38742 0.54447 0.21171 -0.083061 0.2974 -1.0858 -0.36229 0.43826 0.30009 -0.074377 -0.38753 -0.22611 0.071517 0.13473 -0.0738
to 0.54964 0.032752 0.19354 -0.51119 -0.39483 -0.17643 0.49603 -0.089685 0.27531 -1.0332 -0.80488 -0.57278 -6.2888 -0.15977 0.21716 -0.19869 -0.27966 -0.14035 -0.58645 -0.75832 0.4009 0.35394 -0.27532 0.37569 -0.34936 -0.28569 0.49475 0.79527 0.84019 0.29181 1.0009 0.36752 -0.12441 -0.22999 0.37812 0.2078 0.28736 -0.16952 -0.88277 -0.15059 -1.8376 0.71666 0.22428 -0.35486 0.21687 -0.26787 -0.81521 0.21378 0.23067 0.20011
( 0.27571 -0.26545 0.29181 0.0057783 0.33297 0.20368 0.11401 0.81231 -0.91415 0.72543 0.24249 0.78484 -2.1498 -0.32001 0.097362 -1.1422 0.21181 0.44039 -0.35537 -0.78277 0.11401 -1.4 0.34385 -0.35577 1.3195 -0.94049 -0.19287 0.30273 2.1015 0.65321 -0.61533 -0.97856 -1.2017 0.70195 1.063 0.26311 -0.59057 0.29774 0.57187 -0.20028 -2.6177 0.50084 -0.47465 -0.087075 0.38129 -0.33627 -0.33808 -0.6821 -0.42573 -0.79801
<allcaps> 1.1266 -0.61616 -0.70097 -0.71332 -0.51856 0.50459 0.66192 0.5582 0.28674 0.9326 0.35756 0.4856 -1.6895 -0.031646 0.16962 -0.84166 -0.61023 0.33499 -0.15402 0.74154 -0.034695 -0.87651 1.0036 -0.46178 1.7458 -0.21466 0.11706 0.70174 1.8514 0.70356 -1.518 -1.1279 -1.8987 1.477 2.1477 -0.2315 0.19259 -0.43942 -0.064088 -0.25916 -2.2053 0.0028196 0.52218 0.38388 0.91806 0.041708 -0.097338 -0.77549 -0.71455 -0.49903
<elong> 0.42549 0.00063166 0.28936 -0.54569 -0.09626 0.37586 0.38562 0.92935 -0.10652 1.0266 -0.61708 0.74709 -1.9237 0.1013 -0.27714 -0.7122 -0.33183 -0.55856 -2.0592 0.059222 0.070429 -0.070344 0.66761 1.807 0.40045 -1.4716 -0.11272 0.38247 1.8494 -0.013456 -1.4114 0.60956 -0.30799 0.42958 -0.28547 0.46181 -0.55442 -0.039664 -0.68268 0.065648 -2.3358 -0.45863 -0.034885 0.53 0.12497 -0.46326 -0.38388 0.40283 0.34113 0.40564
) 0.35725 -0.49905 -0.31386 -0.080733 0.084208 0.3902 0.26425 0.47183 -0.57281 1.0163 0.56378 0.84127 -2.1505 -0.044951 0.29655 -0.98511 -0.0422 0.21573 -0.22923 -0.5417 0.28871 -1.2618 0.62609 -0.20005 1.1948 -0.7908 0.079973 -0.05616 2.2925 0.7404 -0.61111 -0.87222 -1.6119 0.79823 1.2376 -0.20935 -0.30225 -0.069674 0.63526 -0.3223 -2.4721 0.60716 -0.013862 0.42095 0.48953 -0.10795 -0.48494 -1.032 -0.65829 -0.88361
me 0.13641 0.32484 -0.36068 0.4462 -0.43178 0.21142 -0.16808 -0.084028 0.059976 -1.4798 0.012574 -0.452 -5.023 -1.5296 -1.2495 0.77296 -0.49169 -0.044435 -0.82652 -0.11552 0.93001 0.53579 0.68079 1.3281 -0.21953 -2.883 0.44463 -0.38079 -0.58357 -0.45729 -0.56465 0.38856 0.17684 -0.053502 -0.66776 -0.050351 0.11065 -0.2318 -0.50008 0.53396 -1.7288 0.15412 -0.18595 -0.19547 0.0033457 -0.32078 0.80915 0.98236 0.22094 -0.12155
de 0.28731 0.60443 -0.62567 0.023217 0.48298 0.13012 -1.0311 -0.43938 -0.83844 -0.46021 0.56604 0.3097 -2.3048 0.81695 -0.15162 0.55955 0.40149 0.58087 -0.51672 0.45617 0.090203 -0.43199 -0.58726 -0.86061 1.3583 -4.2638 0.20272 0.49522 -0.76183 -0.48158 0.46193 -0.3633 -0.82259 -0.81776 0.21149 0.31559 -0.85283 -0.78781 -1.8192 0.29894 -2.5618 -0.6124 -0.36433 0.16562 0.12607 -0.52136 0.16789 0.80568 0.9078 -1.4395
<smile> 0.52628 -0.15499 -0.20766 0.14198 -0.10692 0.024758 0.27678 0.26474 -0.54503 1.3111 -0.037404 0.07184 -2.6474 0.14161 -0.2685 -0.10243 0.51924 -0.038894 -1.2394 0.57098 -0.13889 -0.085732 -0.81241 1.311 -0.20266 -1.0192 -0.56471 -0.46948 1.8344 -0.6398 -0.4682 0.49055 -0.62708 0.23408 0.85874 -0.067132 0.24431 0.31137 -0.61977 0.45488 -2.0627 0.47847 0.1375 1.4829 0.52884 -0.10308 -0.78271 -0.40414 0.22253 -0.12294
！ 0.36078 0.27692 0.26339 -0.10887 -0.12426 0.55252 0.11588 0.95271 -0.90983 0.19275 -0.60287 2.6122 -1.88 -0.23858 -0.66768 -0.67651 -0.029618 1.0608 0.10409 1.0015 -0.11537 -1.9502 2.707 1.5787 0.98706 0.42142 -0.4534 -0.69114 3.1237 2.7668 -0.81293 -1.3927 -0.18586 -0.32309 1.5626 -0.35561 0.60886 -1.0979 0.52446 0.25602 -1.9013 -0.57682 -0.82124 -0.094678 0.18358 0.91502 0.64492 -0.268 0.32257 2.1173
que 0.75681 -0.40875 -0.84476 0.75002 0.24148 0.36276 -0.67401 0.97798 0.23559 -1.4587 0.65558 -0.24824 -2.024 -0.059486 0.069023 0.98885 -0.65606 0.30845 -0.0096541 -0.022899 0.62035 -0.083579 0.26846 0.32714 -0.20511 -4.8187 0.27788 0.32261 0.047947 -0.40364 0.041622 -0.049919 0.13815 -0.54546 -0.68428 0.89376 -0.81674 -1.3852 -1.331 0.33596 -2.5839 -0.69292 -0.018394 0.38357 -0.40429 0.0097867 0.45953 0.71281 0.32539 -1.0755
and -0.43196 -0.18965 -0.028294 -0.25903 -0.4481 0.53591 0.94627 -0.07806 -0.54519 -0.72878 -0.030083 -0.28677 -6.464 -0.31295 0.12351 -0.2463 0.029458 -0.83529 0.19647 -0.15722 -0.5562 -0.027029 -0.23915 0.18188 -0.15156 0.54768 0.13767 0.21828 0.61069 -0.3679 0.023187 0.33281 -0.18062 -0.0094163 0.31861 -0.19201 0.35759 0.50104 0.55981 0.20561 -1.1167 -0.3063 -0.14224 0.20285 0.10245 -0.39289 -0.26724 -0.37573 0.16076 -0.74501
。 0.98114 0.72777 -0.063229 -0.18949 -0.6794 0.3464 0.26907 0.49601 -1.4274 0.33456 -0.052491 1.3679 -2.2908 -0.52885 -1.0563 -0.11429 0.037723 0.55129 0.88247 1.5847 -0.96412 -1.1504 2.1315 0.93757 1.7557 -0.5025 -0.71801 -0.27775 2.6124 2.8751 0.76747 -0.64706 -0.18623 -0.37926 0.81653 -0.18448 -0.04627 -0.19867 0.95183 -0.42241 -1.3174 0.0087036 -1.1721 -0.18734 0.39353 1.1725 0.49005 -2.2194 -1.8239 1.0237
- -0.021171 -0.34959 -0.43033 -0.14295 -0.35711 0.22036 0.33773 0.46824 -0.35301 0.37902 0.42697 0.016139 -2.8372 -0.063156 -0.021551 -1.2418 0.26141 0.88525 0.1223 -0.76898 -0.39289 -0.13823 -0.084574 -0.58686 1.2579 -1.2737 -0.42077 0.6203 1.2578 -0.024885 -0.66872 -0.51558 -0.82531 0.9579 0.73627 -0.20101 -0.0067357 0.011132 0.18716 -1.1515 -2.4314 0.51352 -0.43184 0.71507 0.26078 -0.80126 -0.83976 0.20361 -0.32222 0.059302
